[GENERAL_DATA]
v: 3
M: 5000
Activities NO: 15
n: 10
Primary Depot Index: 9
DepotsNO: 2
T: 7
WHours: 8
Max_Whours: 12
Co: 10
Cv: 200
Pu: 50

[COST_MATRIX]
1 2 3 4 5 6 7 8 9 10
0 6 12 6 36 6 18 12 6 12
6 0 12 6 6 12 6 18 18 6
12 12 0 30 12 18 6 18 18 6
6 6 30 0 6 18 6 24 30 12
36 6 12 6 0 6 18 18 12 6
6 12 18 18 6 0 6 12 18 12
18 6 6 6 18 6 0 18 6 18
12 18 18 24 18 12 18 0 6 18
6 18 18 30 12 18 6 6 0 24
12 6 6 12 6 12 18 18 24 0

[TIME_MATRIX]
1 2 3 4 5 6 7 8 9 10
0 1 2 1 6 1 3 2 1 2
1 0 2 1 1 2 1 3 3 1
2 2 0 5 2 3 1 3 3 1
1 1 5 0 1 3 1 4 5 2
6 1 2 1 0 1 3 3 2 1
1 2 3 3 1 0 1 2 3 2
3 1 1 1 3 1 0 3 1 3
2 3 3 4 3 2 3 0 1 3
1 3 3 5 2 3 1 1 0 4
2 1 1 2 1 2 3 3 4 0

[ACTIVITIES]
Activity	Asset	Maintenance Time (hr)	Release Date	Due Date (Days)	Penalty - Late	Penalty - Early	Broken	TE
1	2	2	0	5	20	5	1	0
2	2	1	0	7	29	3	1	1
3	3	2	0	4	22	6	2	0
4	3	1	0	3	28	3	2	1
5	4	2	0	1	17	9	3	0
6	4	1	0	4	24	10	3	1
7	5	3	0	4	23	7	4	0
8	5	3	0	5	8	8	4	1
9	6	1	0	7	22	3	5	0
10	6	2	0	1	22	5	5	1
11	7	1	0	7	17	5	0	1
12	8	2	0	3	11	6	6	0
13	8	2	0	5	14	2	6	1
14	1	1	0	3	30	6	0	1
15	1	3	0	2	26	8	0	1
16	9	0	0	0	0	0	0	0
17	10	0	0	0	0	0	0	0
