[GENERAL_DATA]
v: 3
M: 5000
Activities NO: 15
n: 10
Primary Depot Index: 9
DepotsNO: 2
T: 7
WHours: 8
Max_Whours: 12
Co: 10
Cv: 200
Pu: 50

[COST_MATRIX]
1 2 3 4 5 6 7 8 9 10
0 6 3 6 6 3 9 12 6 9
6 0 6 3 9 6 3 15 3 12
3 6 0 9 3 3 9 12 6 12
6 3 9 0 3 6 6 9 3 3
6 9 3 3 0 6 12 6 6 12
3 6 3 6 6 0 3 12 6 3
9 3 9 6 12 3 0 3 3 9
12 15 12 9 6 12 3 0 15 3
6 3 6 3 6 6 3 15 0 12
9 12 12 3 12 3 9 3 12 0

[TIME_MATRIX]
1 2 3 4 5 6 7 8 9 10
0 2 1 2 2 1 3 4 2 3
2 0 2 1 3 2 1 5 1 4
1 2 0 3 1 1 3 4 2 4
2 1 3 0 1 2 2 3 1 1
2 3 1 1 0 2 4 2 2 4
1 2 1 2 2 0 1 4 2 1
3 1 3 2 4 1 0 1 1 3
4 5 4 3 2 4 1 0 5 1
2 1 2 1 2 2 1 5 0 4
3 4 4 1 4 1 3 1 4 0

[ACTIVITIES]
Activity	Asset	Maintenance Time (hr)	Release Date	Due Date (Days)	Penalty - Late	Penalty - Early	Broken	TE
1	1	1	0	6	10	9	0	1
2	2	1	0	5	24	2	0	1
3	2	1	0	5	30	9	0	1
4	3	2	2	5	27	3	0	1
5	3	1	0	3	20	7	0	1
6	4	2	0	5	6	9	0	1
7	4	3	0	6	21	0	0	1
8	5	2	1	3	24	7	0	1
9	5	1	0	6	6	6	0	1
10	6	1	0	5	18	1	0	1
11	6	2	0	4	22	5	0	1
12	7	3	0	6	23	9	0	1
13	7	1	0	6	13	2	0	1
14	8	2	2	4	20	8	0	1
15	8	2	0	3	24	6	0	1
16	9	0	0	0	0	0	0	0
17	10	0	0	0	0	0	0	0
