[GENERAL_DATA]
v: 3
M: 5000
Activities NO: 15
n: 10
Primary Depot Index: 9
DepotsNO: 2
T: 14
WHours: 8
Max_Whours: 12
Co: 10
Cv: 200
Pu: 50

[COST_MATRIX]
1 2 3 4 5 6 7 8 9 10
0 5 10 15 20 15 5 15 15 5
5 0 30 5 10 10 20 10 10 5
10 30 0 20 5 20 10 20 20 5
15 5 20 0 10 5 10 10 5 15
20 10 5 10 0 10 5 15 10 10
15 10 20 5 10 0 5 5 5 15
5 20 10 10 5 5 0 15 5 10
15 10 20 10 15 5 15 0 10 5
15 10 20 5 10 5 5 10 0 20
5 5 5 15 10 15 10 5 20 0

[TIME_MATRIX]
1 2 3 4 5 6 7 8 9 10
0 1 2 3 4 3 1 3 3 1
1 0 6 1 2 2 4 2 2 1
2 6 0 4 1 4 2 4 4 1
3 1 4 0 2 1 2 2 1 3
4 2 1 2 0 2 1 3 2 2
3 2 4 1 2 0 1 1 1 3
1 4 2 2 1 1 0 3 1 2
3 2 4 2 3 1 3 0 2 1
3 2 4 1 2 1 1 2 0 4
1 1 1 3 2 3 2 1 4 0

[ACTIVITIES]
Activity	Asset	Maintenance Time (hr)	Release Date	Due Date (Days)	Penalty - Late	Penalty - Early	Broken	TE
1	1	6	0	4	10	5	0	1
2	2	4	0	3	10	5	1	0
3	2	5	0	10	2	1	1	1
4	3	1	2	14	5	5	2	0
5	3	3	0	9	5	10	2	1
6	4	5	0	12	10	5	3	0
7	4	2	0	11	40	5	3	1
8	5	2	1	5	20	5	4	0
9	5	1	0	12	5	5	4	1
10	6	1	0	3	5	5	5	0
11	6	3	0	8	10	0	5	1
12	7	6	0	11	20	2	6	0
13	7	6	0	14	5	3	6	1
14	8	5	2	12	10	5	0	1
15	8	4	0	10	10	5	0	1
16	9	0	0	0	0	0	0	0
17	10	0	0	0	0	0	0	0
