[GENERAL_DATA]
v: 3
M: 5000
Activities NO: 15
n: 11
Primary Depot Index: 9
DepotsNO: 3
T: 7
WHours: 8
Max_Whours: 12
Co: 10
Cv: 200
Pu: 50

[COST_MATRIX]
1 2 3 4 5 6 7 8 9 10 11
0 5 10 15 10 5 10 25 5 15 10
5 0 10 5 10 10 15 10 10 15 5
10 10 0 5 5 20 10 20 5 10 25
15 5 5 0 5 15 10 5 15 10 5
10 10 5 5 0 5 10 15 5 10 25
5 10 20 15 5 0 20 5 10 20 10
10 15 10 10 10 20 0 20 5 5 30
25 10 20 5 15 5 20 0 5 20 10
5 10 5 15 5 10 5 5 0 25 10
15 15 10 10 10 20 5 20 25 0 30
10 5 25 5 25 10 30 10 10 30 0

[TIME_MATRIX]
1 2 3 4 5 6 7 8 9 10 11
0 1 2 3 2 1 2 5 1 3 2
1 0 2 1 2 2 3 2 2 3 1
2 2 0 1 1 4 2 4 1 2 5
3 1 1 0 1 3 2 1 3 2 1
2 2 1 1 0 1 2 3 1 2 5
1 2 4 3 1 0 4 1 2 4 2
2 3 2 2 2 4 0 4 1 1 6
5 2 4 1 3 1 4 0 1 4 2
1 2 1 3 1 2 1 1 0 5 2
3 3 2 2 2 4 1 4 5 0 6
2 1 5 1 5 2 6 2 2 6 0

[ACTIVITIES]
Activity	Asset	Maintenance Time (hr)	Release Date	Due Date (Days)	Penalty - Late	Penalty - Early	Broken	TE
1	1	1	0	6	10	9	0	1
2	2	1	0	5	24	2	0	1
3	2	1	0	5	30	9	0	1
4	3	2	2	5	27	3	0	1
5	3	1	0	3	20	7	0	1
6	4	2	0	5	6	9	0	1
7	4	3	0	6	21	0	0	1
8	5	2	1	3	24	7	0	1
9	5	1	0	6	6	6	0	1
10	6	1	0	5	18	1	0	1
11	6	2	0	4	22	5	0	1
12	7	3	0	6	23	9	0	1
13	7	1	0	6	13	2	0	1
14	8	2	2	4	20	8	0	1
15	8	2	0	3	24	6	0	1
16	9	0	0	0	0	0	0	0
17	10	0	0	0	0	0	0	0
18	11	0	0	0	0	0	0	0
