[GENERAL_DATA]
v: 3
M: 5000
Activities NO: 15
n: 10
Primary Depot Index: 9
DepotsNO: 2
T: 14
WHours: 8
Max_Whours: 12
Co: 10
Cv: 200
Pu: 50

[COST_MATRIX]
1 2 3 4 5 6 7 8 9 10
0 5 10 15 10 5 25 10 5 10
5 0 10 25 10 15 5 15 20 5
10 10 0 5 5 10 15 5 10 10
15 25 5 0 10 15 30 15 5 10
10 10 5 10 0 5 15 10 10 15
5 15 10 15 5 0 20 5 10 10
25 5 15 30 15 20 0 20 5 25
10 15 5 15 10 5 20 0 10 10
5 20 10 5 10 10 5 10 0 10
10 5 10 10 15 10 25 10 10 0

[TIME_MATRIX]
1 2 3 4 5 6 7 8 9 10
0 1 2 3 2 1 5 2 1 2
1 0 2 5 2 3 1 3 4 1
2 2 0 1 1 2 3 1 2 2
3 5 1 0 2 3 6 3 1 2
2 2 1 2 0 1 3 2 2 3
1 3 2 3 1 0 4 1 2 2
5 1 3 6 3 4 0 4 1 5
2 3 1 3 2 1 4 0 2 2
1 4 2 1 2 2 1 2 0 2
2 1 2 2 3 2 5 2 2 0

[ACTIVITIES]
Activity	Asset	Maintenance Time (hr)	Release Date	Due Date (Days)	Penalty - Late	Penalty - Early	Broken	TE
1	4	6	0	11	26	3	0	1
2	4	1	0	7	27	6	0	1
3	5	6	0	6	30	8	0	1
4	5	4	0	13	9	4	0	1
5	6	5	0	4	6	5	0	1
6	6	5	0	3	10	1	0	1
7	7	5	0	8	10	6	0	1
8	7	2	0	14	9	6	0	1
9	8	3	0	6	8	5	0	1
10	8	1	0	11	24	1	0	1
11	1	1	0	6	29	9	0	1
12	1	4	0	10	6	5	0	1
13	2	5	0	8	17	1	0	1
14	3	6	0	4	17	3	0	1
15	3	5	0	11	9	0	0	1
16	9	0	0	0	0	0	0	0
17	10	0	0	0	0	0	0	0
