[GENERAL_DATA]
v: 3
M: 5000
Activities NO: 15
n: 11
Primary Depot Index: 9
DepotsNO: 3
T: 14
WHours: 8
Max_Whours: 12
Co: 10
Cv: 200
Pu: 50

[COST_MATRIX]
1 2 3 4 5 6 7 8 9 10 11
0 8 4 8 4 4 12 4 4 8 16
8 0 24 4 12 4 12 8 8 8 4
4 24 0 16 12 24 4 20 4 20 12
8 4 16 0 8 12 8 8 4 8 12
4 12 12 8 0 4 4 12 8 4 8
4 4 24 12 4 0 4 8 12 8 20
12 12 4 8 4 4 0 8 4 8 8
4 8 20 8 12 8 8 0 8 4 16
4 8 4 4 8 12 4 8 0 8 12
8 8 20 8 4 8 8 4 8 0 16
16 4 12 12 8 20 8 16 12 16 0

[TIME_MATRIX]
1 2 3 4 5 6 7 8 9 10 11
0 2 1 2 1 1 3 1 1 2 4
2 0 6 1 3 1 3 2 2 2 1
1 6 0 4 3 6 1 5 1 5 3
2 1 4 0 2 3 2 2 1 2 3
1 3 3 2 0 1 1 3 2 1 2
1 1 6 3 1 0 1 2 3 2 5
3 3 1 2 1 1 0 2 1 2 2
1 2 5 2 3 2 2 0 2 1 4
1 2 1 1 2 3 1 2 0 2 3
2 2 5 2 1 2 2 1 2 0 4
4 1 3 3 2 5 2 4 3 4 0

[ACTIVITIES]
Activity	Asset	Maintenance Time (hr)	Release Date	Due Date (Days)	Penalty - Late	Penalty - Early	Broken	TE
1	4	6	0	11	26	3	1	0
2	4	1	0	7	27	6	1	1
3	5	6	0	6	30	8	2	0
4	5	4	0	13	9	4	2	1
5	6	5	0	4	6	5	3	0
6	6	5	0	3	10	1	3	1
7	7	5	0	8	10	6	4	0
8	7	2	0	14	9	6	4	1
9	8	3	0	6	8	5	5	0
10	8	1	0	11	24	1	5	1
11	1	1	0	6	29	9	6	0
12	1	4	0	10	6	5	6	1
13	2	5	0	8	17	1	0	1
14	3	6	0	4	17	3	0	1
15	3	5	0	11	9	0	0	1
16	9	0	0	0	0	0	0	0
17	10	0	0	0	0	0	0	0
18	11	0	0	0	0	0	0	0
