[GENERAL_DATA]
v: 3
M: 5000
Activities NO: 15
n: 11
Primary Depot Index: 9
DepotsNO: 3
T: 7
WHours: 8
Max_Whours: 12
Co: 10
Cv: 200
Pu: 50

[COST_MATRIX]
1 2 3 4 5 6 7 8 9 10 11
0 24 12 8 16 20 12 16 4 16 16
24 0 4 12 12 8 20 4 4 16 8
12 4 0 4 8 12 8 8 4 8 4
8 12 4 0 4 12 12 8 12 4 8
16 12 8 4 0 4 12 4 12 8 8
20 8 12 12 4 0 8 8 4 8 8
12 20 8 12 12 8 0 8 20 8 4
16 4 8 8 4 8 8 0 16 4 8
4 4 4 12 12 4 20 16 0 16 12
16 16 8 4 8 8 8 4 16 0 8
16 8 4 8 8 8 4 8 12 8 0

[TIME_MATRIX]
1 2 3 4 5 6 7 8 9 10 11
0 6 3 2 4 5 3 4 1 4 4
6 0 1 3 3 2 5 1 1 4 2
3 1 0 1 2 3 2 2 1 2 1
2 3 1 0 1 3 3 2 3 1 2
4 3 2 1 0 1 3 1 3 2 2
5 2 3 3 1 0 2 2 1 2 2
3 5 2 3 3 2 0 2 5 2 1
4 1 2 2 1 2 2 0 4 1 2
1 1 1 3 3 1 5 4 0 4 3
4 4 2 1 2 2 2 1 4 0 2
4 2 1 2 2 2 1 2 3 2 0

[ACTIVITIES]
Activity	Asset	Maintenance Time (hr)	Release Date	Due Date (Days)	Penalty - Late	Penalty - Early	Broken	TE
1	2	2	0	5	20	5	0	1
2	2	1	0	7	29	3	0	1
3	3	2	0	4	22	6	0	1
4	3	1	0	3	28	3	0	1
5	4	2	0	1	17	9	0	1
6	4	1	0	4	24	10	0	1
7	5	3	0	4	23	7	0	1
8	5	3	0	5	8	8	0	1
9	6	1	0	7	22	3	0	1
10	6	2	0	1	22	5	0	1
11	7	1	0	7	17	5	0	1
12	8	2	0	3	11	6	0	1
13	8	2	0	5	14	2	0	1
14	1	1	0	3	30	6	0	1
15	1	3	0	2	26	8	0	1
16	9	0	0	0	0	0	0	0
17	10	0	0	0	0	0	0	0
18	11	0	0	0	0	0	0	0
