[GENERAL_DATA]
v: 3
M: 5000
Activities NO: 15
n: 11
Primary Depot Index: 9
DepotsNO: 3
T: 7
WHours: 8
Max_Whours: 12
Co: 10
Cv: 200
Pu: 50

[COST_MATRIX]
1 2 3 4 5 6 7 8 9 10 11
0 16 8 4 4 12 12 8 4 8 16
16 0 8 4 8 8 8 12 4 12 12
8 8 0 20 8 4 4 12 12 4 8
4 4 20 0 4 12 4 16 4 8 16
24 8 8 4 0 4 12 12 8 20 4
4 8 4 12 4 0 4 8 4 8 8
12 8 4 4 12 4 0 8 12 4 8
8 12 12 16 12 8 8 0 4 12 4
4 4 12 4 8 4 12 4 0 16 8
8 12 4 8 20 8 4 12 16 0 8
16 12 8 16 4 8 8 4 8 8 0

[TIME_MATRIX]
1 2 3 4 5 6 7 8 9 10 11
0 4 2 1 1 3 3 2 1 2 4
4 0 2 1 2 2 2 3 1 3 3
2 2 0 5 2 1 1 3 3 1 2
1 1 5 0 1 3 1 4 1 2 4
6 2 2 1 0 1 3 3 2 5 1
1 2 1 3 1 0 1 2 1 2 2
3 2 1 1 3 1 0 2 3 1 2
2 3 3 4 3 2 2 0 1 3 1
1 1 3 1 2 1 3 1 0 4 2
2 3 1 2 5 2 1 3 4 0 2
4 3 2 4 1 2 2 1 2 2 0

[ACTIVITIES]
Activity	Asset	Maintenance Time (hr)	Release Date	Due Date (Days)	Penalty - Late	Penalty - Early	Broken	TE
1	1	3	0	9	10	5	0	1
2	2	2	0	5	10	5	0	1
3	2	1	0	4	2	1	0	1
4	3	1	2	6	5	5	0	1
5	3	2	0	8	5	10	0	1
6	4	6	0	8	10	5	0	1
7	4	3	0	6	40	5	0	1
8	5	4	1	6	20	5	0	1
9	5	1	0	11	5	5	0	1
10	6	1	0	11	5	5	0	1
11	6	6	0	14	10	0	0	1
12	7	2	0	6	20	2	0	1
13	7	3	0	4	5	3	0	1
14	8	2	2	10	10	5	0	1
15	8	1	0	12	10	5	0	1
16	9	0	0	0	0	0	0	0
17	10	0	0	0	0	0	0	0
18	11	0	0	0	0	0	0	0
