[GENERAL_DATA]
v: 3
M: 5000
Activities NO: 15
n: 11
Primary Depot Index: 9
DepotsNO: 3
T: 14
WHours: 8
Max_Whours: 12
Co: 10
Cv: 200
Pu: 50

[COST_MATRIX]
1 2 3 4 5 6 7 8 9 10 11
0 3 6 9 6 6 9 6 3 9 6
3 0 3 9 9 6 9 9 6 12 3
6 3 0 3 3 3 9 6 6 3 3
9 9 3 0 12 6 9 6 3 15 6
6 9 3 12 0 3 15 3 6 3 9
6 6 3 6 3 0 12 3 6 9 3
9 9 9 9 15 12 0 12 6 18 9
6 9 6 6 3 3 12 0 6 9 3
3 6 6 3 6 6 6 6 0 12 3
9 12 3 15 3 9 18 9 12 0 12
6 3 3 6 9 3 9 3 3 12 0

[TIME_MATRIX]
1 2 3 4 5 6 7 8 9 10 11
0 1 2 3 2 2 3 2 1 3 2
1 0 1 3 3 2 3 3 2 4 1
2 1 0 1 1 1 3 2 2 1 1
3 3 1 0 4 2 3 2 1 5 2
2 3 1 4 0 1 5 1 2 1 3
2 2 1 2 1 0 4 1 2 3 1
3 3 3 3 5 4 0 4 2 6 3
2 3 2 2 1 1 4 0 2 3 1
1 2 2 1 2 2 2 2 0 4 1
3 4 1 5 1 3 6 3 4 0 4
2 1 1 2 3 1 3 1 1 4 0

[ACTIVITIES]
Activity	Asset	Maintenance Time (hr)	Release Date	Due Date (Days)	Penalty - Late	Penalty - Early	Broken	TE
1	1	6	0	11	17	2	1	0
2	1	5	0	3	21	1	1	1
3	1	1	0	8	5	7	0	1
4	2	6	2	12	10	8	0	1
5	3	1	0	6	19	2	2	0
6	3	4	0	12	7	9	2	1
7	4	3	0	14	13	2	0	1
8	5	4	1	8	13	7	3	0
9	5	2	0	6	29	0	3	1
10	6	6	0	8	6	6	4	0
11	6	1	0	8	12	4	4	1
12	6	6	0	8	13	3	0	1
13	7	1	0	8	15	2	5	0
14	7	4	3	11	29	9	5	1
15	8	2	0	13	22	0	0	1
16	9	0	0	0	0	0	0	0
17	10	0	0	0	0	0	0	0
18	11	0	0	0	0	0	0	0
