[GENERAL_DATA]
v: 3
M: 5000
Activities NO: 15
n: 10
Primary Depot Index: 9
DepotsNO: 2
T: 14
WHours: 8
Max_Whours: 12
Co: 10
Cv: 200
Pu: 50

[COST_MATRIX]
1 2 3 4 5 6 7 8 9 10
0 8 4 8 12 4 12 16 4 16
8 0 16 4 8 12 4 8 8 4
4 16 0 16 12 4 12 12 8 8
8 4 16 0 8 4 8 8 12 4
12 8 12 8 0 16 4 8 8 8
4 12 4 4 16 0 16 16 20 4
12 4 12 8 4 16 0 8 8 4
16 8 12 8 8 16 8 0 8 12
4 8 8 12 8 20 8 8 0 8
16 4 8 4 8 4 12 4 8 0

[TIME_MATRIX]
1 2 3 4 5 6 7 8 9 10
0 2 1 2 3 1 3 4 1 4
2 0 4 1 2 3 1 2 2 1
1 4 0 4 3 1 3 3 2 2
2 1 4 0 2 1 2 2 3 1
3 2 3 2 0 4 1 2 2 2
1 3 1 1 4 0 4 4 5 1
3 1 3 2 1 4 0 2 2 1
4 2 3 2 2 4 2 0 2 3
1 2 2 3 2 5 2 2 0 2
4 1 2 1 2 1 3 1 2 0

[ACTIVITIES]
Activity	Asset	Maintenance Time (hr)	Release Date	Due Date (Days)	Penalty - Late	Penalty - Early	Broken	TE
1	1	6	0	11	17	2	0	1
2	1	5	0	3	21	1	0	1
3	1	1	0	8	5	7	0	1
4	2	6	2	12	10	8	0	1
5	3	1	0	6	19	2	0	1
6	3	4	0	12	7	9	0	1
7	4	3	0	14	13	2	0	1
8	5	4	1	8	13	7	0	1
9	5	2	0	6	29	0	0	1
10	6	6	0	8	6	6	0	1
11	6	1	0	8	12	4	0	1
12	6	6	0	8	13	3	0	1
13	7	1	0	8	15	2	0	1
14	7	4	3	11	29	9	0	1
15	8	2	0	13	22	0	0	1
16	9	0	0	0	0	0	0	0
17	10	0	0	0	0	0	0	0
