[GENERAL_DATA]
v: 3
M: 5000
Activities NO: 15
n: 10
Primary Depot Index: 9
DepotsNO: 2
T: 14
WHours: 8
Max_Whours: 12
Co: 10
Cv: 200
Pu: 50

[COST_MATRIX]
1 2 3 4 5 6 7 8 9 10
0 6 12 6 36 6 18 12 6 12
6 0 12 6 6 12 6 18 18 6
12 12 0 30 12 18 6 18 18 6
6 6 30 0 6 18 6 24 30 12
36 6 12 6 0 6 18 18 12 6
6 12 18 18 6 0 6 12 18 12
18 6 6 6 18 6 0 18 6 18
12 18 18 24 18 12 18 0 6 18
6 18 18 30 12 18 6 6 0 24
12 6 6 12 6 12 18 18 24 0

[TIME_MATRIX]
1 2 3 4 5 6 7 8 9 10
0 1 2 1 6 1 3 2 1 2
1 0 2 1 1 2 1 3 3 1
2 2 0 5 2 3 1 3 3 1
1 1 5 0 1 3 1 4 5 2
6 1 2 1 0 1 3 3 2 1
1 2 3 3 1 0 1 2 3 2
3 1 1 1 3 1 0 3 1 3
2 3 3 4 3 2 3 0 1 3
1 3 3 5 2 3 1 1 0 4
2 1 1 2 1 2 3 3 4 0

[ACTIVITIES]
Activity	Asset	Maintenance Time (hr)	Release Date	Due Date (Days)	Penalty - Late	Penalty - Early	Broken	TE
1	2	6	0	14	20	5	0	1
2	2	4	0	4	29	3	0	1
3	3	4	0	5	22	6	0	1
4	3	4	0	11	28	3	0	1
5	4	1	0	6	17	9	0	1
6	4	2	0	8	24	10	0	1
7	5	5	0	11	23	7	0	1
8	5	4	0	10	8	8	0	1
9	6	3	0	3	22	3	0	1
10	6	3	0	5	22	5	0	1
11	7	2	0	12	17	5	0	1
12	8	4	0	9	11	6	0	1
13	8	3	0	13	14	2	0	1
14	1	1	0	12	30	6	0	1
15	1	1	0	8	26	8	0	1
16	9	0	0	0	0	0	0	0
17	10	0	0	0	0	0	0	0
